91.4286 1-seqq1 2 0.209961;
98.6848 1-seqq1 2 0.217773;
111.746 1-seqq1 4 0.998047;
0 1-seqq1 2 0.216797;
91.4286 1-seqq1 4 0.999023;
0 1-seqq1 2 0.213867;
107.392 1-seqq1 2 0.214844;
190.113 1-seqq1 2 0.213867;
100.136 1-seqq1 2 0.214844;
101.587 1-seqq1 2 0.213867;
98.6848 1-seqq1 2 0.214844;
101.587 1-seqq1 2 0.21582;
100.136 1-seqq1 2 0.214844;
100.136 1-seqq1 2 0.216797;
100.136 1-seqq1 3 0.796875;
108.844 1-seqq1 3 0.632812;
0 1-seqq1 2 0.191406;
89.9773 1-seqq1 3 0.530273;
0 1-seqq1 2 0.192383;
110.295 1-seqq1 3 0.487305;
0 1-seqq1 2 0.189453;
98.6848 1-seqq1 3 0.425781;
0 1-seqq1 2 0.19043;
89.9773 1-seqq1 3 0.410156;
0 1-seqq1 2 0.191406;
113.197 1-seqq1 3 0.394531;
0 1-seqq1 2 0.192383;
91.4286 1-seqq1 3 0.400391;
0 1-seqq1 2 0.191406;
105.941 1-seqq1 3 0.40625;
0 1-seqq1 2 0.192383;
89.9773 1-seqq1 3 0.413086;
110.295 1-seqq1 3 0.435547;
92.8798 1-seqq1 3 0.52832;
0 1-seqq1 2 0.193359;
97.2336 1-seqq1 3 0.588867;
0 1-seqq1 2 0.217773;
103.039 1-seqq1 3 0.583984;
98.6848 1-seqq1 3 0.592773;
0 1-seqq1 2 0.216797;
101.587 1-seqq1 3 0.591797;
97.2336 1-seqq1 3 0.564453;
108.844 1-seqq1 3 0.569336;
0 1-seqq1 2 0.217773;
91.4286 1-seqq1 3 0.568359;
200.272 1-seqq1 3 0.564453;
100.136 1-seqq1 3 0.584961;
98.6848 1-seqq1 3 0.621094;
0 1-seqq1 2 0.216797;
100.136 1-seqq1 4 0.516602;
0 1-seqq1 3 0.583008;
0 1-seqq1 2 0.217773;
100.136 1-seqq1 4 0.277344;
0 1-seqq1 3 0.564453;
98.6848 1-seqq1 4 0.235352;
0 1-seqq1 3 0.582031;
100.136 1-seqq1 4 0.209961;
0 1-seqq1 3 0.584961;
103.039 1-seqq1 4 0.210938;
0 1-seqq1 3 0.621094;
0 1-seqq1 2 0.21875;
97.2336 1-seqq1 4 0.208984;
0 1-seqq1 3 0.582031;
101.587 1-seqq1 4 0.18457;
0 1-seqq1 3 0.567383;
0 1-seqq1 2 0.217773;
98.6848 1-seqq1 4 0.176758;
0 1-seqq1 3 0.586914;
111.746 1-seqq1 4 0.18457;
0 1-seqq1 3 0.583008;
98.6848 1-seqq1 4 0.242188;
0 1-seqq1 3 0.582031;
0 1-seqq1 2 0.21875;
89.9773 1-seqq1 4 0.336914;
0 1-seqq1 3 0.5625;
0 1-seqq1 2 0.219727;
113.197 1-seqq1 4 0.543945;
0 1-seqq1 3 0.573242;
0 1-seqq1 2 0.21875;
88.5261 1-seqq1 4 0.999023;
0 1-seqq1 3 0.585938;
110.295 1-seqq1 3 0.567383;
0 1-seqq1 2 0.219727;
89.9773 1-seqq1 3 0.576172;
97.2336 1-seqq1 3 0.569336;
0 1-seqq1 2 0.220703;
100.136 1-seqq1 3 0.589844;
105.941 1-seqq1 3 0.588867;
98.6848 1-seqq1 0;
